107
0 a a 0 1 0
0 b b 0 1 0
0 1 b 1 1 0
0 0 a 7 1 0
0 # # 17 1 0
0 * * 19 0 1
1 1 1 1 1 0
1 0 0 1 1 0
1 # # 2 1 0
2 b b 2 1 0
2 a a 2 1 0
2 # # 2 1 0
2 1 b 3 1 0
2 * * 13 0 0
2 0 a 4 0 0
3 # # 23 -1 0
3 * * 6 -1 0
3 0 0 14 0 0
3 1 1 14 0 0
4 b b 4 1 0
4 a a 4 1 0
4 1 b 4 1 0
4 0 a 4 1 0
4 # # 5 -1 0
4 * * 13 -1 0
5 b b 5 -1 0
5 a a 5 -1 0
5 1 1 5 -1 0
5 0 0 5 -1 0
5 # # 5 -1 0
5 * * 10 1 0
6 b b 6 -1 0
6 a a 6 -1 0
6 # # 6 -1 0
6 1 1 13 0 0
6 0 0 13 0 0
7 1 1 7 1 0
7 0 0 7 1 0
7 # # 8 1 0
8 b b 8 1 0
8 a a 8 1 0
8 # # 8 1 0
8 1 b 4 0 0
8 * * 13 0 0
8 0 a 9 1 0
9 * * 12 -1 0
9 # # 22 -1 0
9 0 0 14 0 0
9 1 1 14 0 0
10 b 1 10 1 0
10 a 0 10 1 0
10 1 1 10 1 0
10 0 0 10 1 0
10 # # 11 -1 0
11 1 1 11 -1 0
11 0 0 11 -1 0
11 * * 0 1 0
12 b b 12 -1 0
12 a a 12 -1 0
12 # # 12 -1 0
12 1 1 13 0 0
12 0 0 13 0 0
13 b b 13 -1 0
13 a a 13 -1 0
13 1 1 13 -1 0
13 0 0 13 -1 0
13 # # 13 -1 0
13 * * 15 1 0
14 b b 14 -1 0
14 a a 14 -1 0
14 1 1 14 -1 0
14 0 0 14 -1 0
14 # # 14 -1 0
14 * * 0 1 0
15 b b 15 1 0
15 a a 15 1 0
15 1 1 15 1 0
15 0 0 15 1 0
15 # * 16 0 0
16 * * 20 1 0
17 b b 17 1 0
17 a a 17 1 0
17 # # 17 1 0
17 1 b 18 1 0
17 0 a 18 1 0
18 1 b 18 1 0
18 0 a 18 1 0
18 # # 5 0 0
18 * * 19 0 1
19 0 0 0 0 1
20 b 1 20 1 0
20 a 0 20 1 0
20 1 1 20 1 0
20 0 0 20 1 0
20 # # 20 1 0
20 * * 21 -1 0
21 1 1 21 -1 0
21 0 0 21 -1 0
21 # # 21 -1 0
21 * * 0 1 0
22 b b 22 -1 0
22 a a 22 -1 0
22 # # 22 -1 0
22 0 0 5 0 0
22 1 1 5 0 0
23 b b 23 -1 0
23 a a 23 -1 0
23 # # 23 -1 0
23 0 0 5 0 0
23 1 1 5 0 0
